.Random.seed <-
c(403L, 1L, 1407173775L, 141192598L, 911446336L, 1689480195L, 
-1101853151L, -2062419696L, -1154386194L, -1680651623L, 358671147L, 
1824542234L, -1343052580L, -1212827425L, 1229084341L, -193818548L, 
1367035042L, 1415560189L, 596363511L, 1981976094L, -1503805224L, 
-1608440773L, -1963946535L, 1911896936L, -1104349546L, -1805537263L, 
564351427L, 1995283922L, 301225060L, -409893977L, 1356147965L, 
-838334220L, -539369510L, 1770681125L, 854909503L, 2008943046L, 
515612240L, -1593716109L, 1510598289L, -264806720L, 582346910L, 
-2145467287L, 1050865819L, -761073238L, 301713868L, 1281762447L, 
927284421L, 1636215932L, -1471864622L, -740818867L, 787601671L, 
1354042606L, -1963170360L, -1741632821L, 641053481L, 1894224760L, 
-608450394L, -243805503L, 1681564499L, 531574786L, -859153100L, 
-1067051337L, 852470445L, -2104808508L, -1344179222L, 151534677L, 
-1012866577L, -1004246538L, 2100490016L, 494248163L, -880700031L, 
-778062864L, 762641038L, -2042606087L, -710004853L, -1767478342L, 
1603162812L, 1348831743L, -727460011L, 1747955820L, 557311170L, 
2074332957L, 1004914071L, 2135749886L, -1927569736L, -1213235045L, 
-383275271L, 1420419144L, -672337034L, -1034983759L, -464951581L, 
-566504014L, -673038844L, 2007807303L, 1112993821L, 401725076L, 
171531834L, -1717292923L, 559265119L, -72376858L, 1162065008L, 
1690118035L, -659623887L, -94519584L, 1056798590L, 673541641L, 
-245201349L, 903682058L, -1455339540L, -1137251217L, -1847426139L, 
583541596L, -899444942L, -199410131L, -73632537L, -1332120050L, 
-1773163544L, 1804424683L, -814678391L, -1484247528L, 1943921990L, 
-1842834527L, -995074509L, -542977118L, -2019219820L, -1333467881L, 
1368482573L, 710922788L, -368043510L, 918266741L, -24467761L, 
-1967609386L, -358546048L, -2146812477L, 22485857L, 109068752L, 
-1404364498L, -225091367L, 448330475L, -786847910L, -614014692L, 
-786749409L, 60044405L, 818524428L, -1552507678L, -658213443L, 
-2068250057L, -1796042530L, -217326568L, 170017659L, -2065534183L, 
1780535208L, -53162154L, 2110535633L, -1518410877L, -1198406126L, 
-675257948L, 791893351L, 2061032125L, 1548278324L, 1541562778L, 
-465027611L, 2020678015L, 1239527686L, 140364432L, 289741619L, 
1172529361L, -820628864L, 1708368734L, -903311191L, 1596715867L, 
1896808810L, -1657904116L, 1939260495L, 286815493L, -1047382596L, 
-509607790L, -1780255859L, 2065695687L, -1542801234L, 259062024L, 
638994187L, 16695785L, 973194936L, 1032827238L, 3158529L, -2123780973L, 
-1200351422L, -66721548L, -79895305L, -304087827L, 582037380L, 
-76373590L, -1085778155L, 406275503L, -1713050186L, -1652681760L, 
-1235731677L, 1448066113L, 463425328L, 119954766L, -697278535L, 
916838859L, 1157765754L, -128053380L, -1030987841L, -1933326187L, 
628405932L, -1067637630L, 293045341L, 1631439703L, -966748610L, 
1144593016L, 438806875L, -798635847L, -528078584L, 1473534902L, 
-1796204303L, 337891107L, -1134569102L, 1286179780L, -956373113L, 
131427677L, -1271282860L, 897276282L, -416623419L, 482182687L, 
1389236646L, 764740400L, 465880514L, -861983008L, 725003132L, 
-1778683184L, -1929540446L, 687562792L, -1005405940L, 868617148L, 
425598258L, -1967570496L, -1136911820L, 1972744136L, 1050565818L, 
1556083088L, 695353836L, -1351772588L, 602821778L, -107060448L, 
-1823940148L, 209982944L, -2039314750L, -2127312856L, -921291092L, 
2070012092L, 962026994L, -1009226448L, 1484342436L, 1577654968L, 
528849242L, 92359056L, -2100738180L, -969774828L, 501325634L, 
-1482199296L, 536519612L, 927396688L, 1159192354L, 82486600L, 
1900916236L, 115447900L, 1675219154L, 925879808L, 524915028L, 
-1098498584L, 1424227322L, -1285235504L, -1620027092L, 1842489076L, 
1542323602L, -800825248L, -1821674228L, 2075007712L, 1215905122L, 
-314711384L, -904254900L, 309196156L, 768547122L, -398873488L, 
-2057942204L, 754909656L, 1075319930L, 835200560L, -611564868L, 
-1471720620L, -731123646L, 1912809888L, 337049276L, -458457648L, 
-742974110L, 957687784L, 1219096524L, 1042850556L, -347376142L, 
1377062016L, 2139724020L, -1666737528L, -174142662L, -1510512816L, 
154851948L, -539789164L, 1664483666L, -1055664416L, -884062516L, 
1771505824L, -1002305662L, -1595955480L, -2143047956L, 1737429052L, 
-1050483086L, 2128426096L, -1729050076L, -770238408L, 331780122L, 
-1954732336L, 1760721980L, 264637588L, 1863452802L, 1934847936L, 
263878972L, -1149774192L, -798130142L, 1108457480L, 1770212492L, 
-2076273636L, -1217713518L, -1392938880L, -1434823660L, 1333053736L, 
-318141894L, -91073328L, -1059072916L, 1774419636L, -1056700398L, 
251152352L, -1166879796L, -1225593376L, -1461083614L, 1655602472L, 
1691538700L, 1741114940L, -409927438L, 1961086704L, -1208447164L, 
268230232L, 1532492346L, -1555030288L, -1723436868L, -974675436L, 
-635624254L, 1397412960L, -1206952580L, 807174352L, 13104162L, 
-1812984152L, -1915968628L, 1397849532L, 1422715954L, 115951424L, 
-1294019404L, 1895294792L, 1802025658L, -577970416L, -703050516L, 
999789652L, -338735342L, 1563527072L, -1053674548L, -900979872L, 
-464399166L, -1005128152L, -1883662932L, -202503364L, -1491224718L, 
1750415152L, -299346396L, -679603144L, 1495183578L, -420412016L, 
1557752572L, 1745011604L, 179783490L, -1992913408L, 1785755196L, 
-441615792L, 2089313954L, 644186952L, 2004234764L, 2070456540L, 
647719506L, -348213120L, -406500524L, -443935256L, 1822809850L, 
1711745872L, -168780756L, 1974135156L, 1767454354L, 1427639904L, 
2051524236L, -1780127904L, 41831138L, -268398424L, 1543138508L, 
-9002500L, -971714638L, 569289200L, -1843694140L, 2073762648L, 
-368824454L, -202930768L, -287857220L, 472876116L, 248977346L, 
1221777184L, -870454340L, 374736464L, 458361314L, -97434264L, 
1218813260L, 305804540L, 435088114L, -134200576L, -1407316364L, 
1674761224L, -172381766L, -480103472L, -1445927444L, -222605420L, 
630259410L, 546880096L, 202931532L, -551661280L, -1935028606L, 
1214408168L, 671146988L, 787913276L, 685262450L, 1105230704L, 
163926308L, 1709109816L, 260553114L, 1591217616L, 1589317052L, 
1547015316L, 676124802L, -1904927296L, 1135087420L, -1371065215L, 
-202649037L, -865718188L, -952814494L, 1518508791L, 875857217L, 
1536164806L, 988061956L, -26173259L, -892866657L, 664788984L, 
2026344918L, -239622045L, 832683045L, -929981502L, -1668681552L, 
-186311463L, -1661175221L, 235116732L, 699530986L, 727486239L, 
-228978775L, 1112131902L, 358551596L, -1955455363L, -542179129L, 
-1956745808L, 1924261838L, -1258627845L, 847563613L, 1109053578L, 
-90792280L, -326909423L, -1633963261L, -1910946300L, 1517803058L, 
-927103353L, 1897925329L, -1516798890L, 1679733812L, -1657882811L, 
1782144399L, -2107618040L, -1823723738L, -1921462317L, -876830411L, 
132028562L, 1522407520L, -578097719L, -397761285L, 1644792524L, 
1777037146L, -819840433L, -328597735L, 547117358L, 527248188L, 
-402878291L, -911461545L, 22189728L, 1027997694L, -1227106613L, 
2095093965L, 416562170L, -1631524808L, 130208225L, 2067954323L, 
-1063096140L, -1577836094L, 1782516183L, 181581345L, -77681178L, 
526984420L, 152853525L, 1838832703L, -1965214760L, -746150410L, 
1640056323L, -1089429179L, -963656350L, -1736993072L, -1756433927L, 
-678571733L, 955939484L, 825774282L, 1494981055L, -1550242551L, 
1496477214L, 1536275404L, 245768605L, 1680104487L, 765690448L, 
-68858130L, -1233107045L, -1508231683L, -615880470L, 68639624L, 
-1724803791L, 1461521827L, -1500243548L, -325567406L, 1302980519L, 
339948529L, -1381677258L, -43310124L, 362989925L, -758622865L, 
21325736L, 83299590L, 430527539L, -1228246379L, 454705906L, 649661248L, 
1259167913L, 639870235L, 653058796L, -689078534L, 1463422767L, 
2036559673L, -2098646706L, 734203804L, 650386701L, 84739959L, 
185205632L, 1433917918L, -631005525L, -258186835L, 1020818970L, 
-410359592L, 857101633L, 1987763699L, 1619053588L, 129978786L, 
-1467169097L, -1324904319L, 1706993798L, 100056260L, -1486530059L, 
329421919L, 1364838072L, 602556310L, -1029497437L, -1850130075L, 
291514498L, 1414480368L, 1541904281L, 1638257035L, 963554428L, 
-334625110L, 1509220575L, -144357783L, 359224446L, -1326203796L, 
